Confusion Matrix - Round 4
============================================================

Legend:
  [0] Aphid
  [1] Black Rust
  [2] Blast
  [3] Brown Rust
  [4] Common Root Rot
  [5] Fusarium Head Blight
  [6] Healthy
  [7] Leaf Blight
  [8] Mildew
  [9] Mite
  [10] Septoria
  [11] Smut
  [12] Stem fly
  [13] Tan spot
  [14] Yellow Rust

          [0]    [1]    [2]    [3]    [4]    [5]    [6]    [7]    [8]    [9]   [10]   [11]   [12]   [13]   [14]
[0]       124      2      1      0      0      1      1      4      2     10      0      4      3      8      0
[1]         0     71      1     25      0      0      3      0      1      0      1      1      0     11      2
[2]         3      2    120      0      0      3      0      2      0      0      0      5      0      8      0
[3]         1     11      0    216      0      0      0      1      2      0      4      0      0      9      1
[4]        11      1      2      0     75      0      0      3      0      6      0      5      0     15      0
[5]         0      0      2      0      0    123      0      0      0      0      0      1      0      1      0
[6]         1      4      1      2      0      1    201      0      6      0      3      0      0      2      0
[7]         2      5      0      8      1      1      0     78      1      1     16      4      0     53      2
[8]         1      2      0      1      1      1      7      4    177      3      3      1      0      8      3
[9]        24      2      0      0      5      0      0      0      3    103      0      4      1      2      0
[10]        0      0      0      0      0      0      0     16      0      0    220      0      0      1      1
[11]        9      0      4      2      0      2      0      1      0      0      0    241      0      6      0
[12]        7      0      0      0      0      0      0      0      3      1      0      2     41      0      0
[13]        4      5      2     10      3      0      0      9      1      6      0      8      1     84      2
[14]        0      1      0      5      0      0      2      0      1      0      6      0      0      1    254
