Confusion Matrix - Round 2
============================================================

Legend:
  [0] Aphid
  [1] Black Rust
  [2] Blast
  [3] Brown Rust
  [4] Common Root Rot
  [5] Fusarium Head Blight
  [6] Healthy
  [7] Leaf Blight
  [8] Mildew
  [9] Mite
  [10] Septoria
  [11] Smut
  [12] Stem fly
  [13] Tan spot
  [14] Yellow Rust

          [0]    [1]    [2]    [3]    [4]    [5]    [6]    [7]    [8]    [9]   [10]   [11]   [12]   [13]   [14]
[0]       118      2      0      1      0      1      1      4      2     13      0      5      5      8      0
[1]         0     52      7     27      1      1      4      1      1      0      3      2      0     15      2
[2]         2      1    102      1      1      6      0      2      0      1      0     14      0     13      0
[3]         0      3      0    215      0      0      1      1      1      0      7      1      0     16      0
[4]         8      2      1      0     69      1      0      2      0      6      0     12      2     15      0
[5]         1      0      3      0      0    121      0      0      0      1      0      1      0      0      0
[6]         1      4      5      4      0      1    186      0      2      0     14      1      0      2      1
[7]         1      2      0     10      1      1      0     63      0      0     11      2      0     80      1
[8]         4      3      1      4      0      0     11      5    128      3     29      3      0     17      4
[9]        31      1      0      0      4      0      0      1      3     91      0      5      2      6      0
[10]        0      0      0      1      0      0      1     19      0      0    214      0      0      2      1
[11]       11      0      4      4      0      2      1      1      0      0      0    236      0      6      0
[12]       10      0      0      0      0      0      0      0      2      2      1      3     36      0      0
[13]        6      6      3     10      3      0      0     10      1      5      2      8      1     79      1
[14]        0      0      0      7      0      0      2      0      0      0     21      0      0      2    238
