Confusion Matrix - Round 9
============================================================

Legend:
  [0] Aphid
  [1] Black Rust
  [2] Blast
  [3] Brown Rust
  [4] Common Root Rot
  [5] Fusarium Head Blight
  [6] Healthy
  [7] Leaf Blight
  [8] Mildew
  [9] Mite
  [10] Septoria
  [11] Smut
  [12] Stem fly
  [13] Tan spot
  [14] Yellow Rust

          [0]    [1]    [2]    [3]    [4]    [5]    [6]    [7]    [8]    [9]   [10]   [11]   [12]   [13]   [14]
[0]       129      1      2      2      0      2      1      5      2      7      0      1      3      5      0
[1]         0     79      0     26      0      0      2      1      0      0      0      0      0      7      1
[2]         4      1    119      0      0      4      0      4      0      0      0      2      0      9      0
[3]         2     10      0    218      0      0      1      2      1      0      5      0      0      6      0
[4]         7      1      3      0     81      0      0      6      0      6      0      2      0     12      0
[5]         0      0      1      0      0    125      0      0      0      0      0      0      0      1      0
[6]         1      0      0      1      0      0    207      0      5      0      5      0      0      1      1
[7]         1      6      1      6      1      1      0     90      2      1     18      2      0     43      0
[8]         0      2      0      1      0      1      6      6    185      1      1      1      0      6      2
[9]        17      3      1      0      4      0      0      0      3    109      0      3      0      4      0
[10]        0      0      0      0      0      0      0     17      0      0    219      0      0      0      2
[11]        4      0      3      2      0      0      0      7      0      0      0    244      0      5      0
[12]        3      0      0      0      0      0      0      0      3      1      0      0     47      0      0
[13]        1      5      8      5      3      0      0     12      2      7      0      3      1     86      2
[14]        0      2      0      4      0      0      2      0      1      0      1      0      0      0    260
