Confusion Matrix - Round 6
============================================================

Legend:
  [0] Aphid
  [1] Black Rust
  [2] Blast
  [3] Brown Rust
  [4] Common Root Rot
  [5] Fusarium Head Blight
  [6] Healthy
  [7] Leaf Blight
  [8] Mildew
  [9] Mite
  [10] Septoria
  [11] Smut
  [12] Stem fly
  [13] Tan spot
  [14] Yellow Rust

          [0]    [1]    [2]    [3]    [4]    [5]    [6]    [7]    [8]    [9]   [10]   [11]   [12]   [13]   [14]
[0]       124      1      2      0      0      1      2      8      3      6      0      3      5      5      0
[1]         0     71      1     26      0      0      3      1      3      0      2      0      0      7      2
[2]         2      1    122      1      0      4      0      3      0      0      0      2      0      8      0
[3]         1      8      0    217      1      0      1      3      2      0      5      0      0      6      1
[4]         8      1      3      0     76      0      0      6      0      6      0      5      0     13      0
[5]         0      0      2      0      0    125      0      0      0      0      0      0      0      0      0
[6]         1      1      1      1      0      0    207      0      6      0      3      0      0      1      0
[7]         1      4      1      6      1      1      0     91      1      1     18      3      0     43      1
[8]         0      2      0      0      0      1      5      8    184      1      1      1      0      6      3
[9]        19      2      1      0      5      0      0      0      3    108      0      3      0      3      0
[10]        0      0      0      0      0      0      0     18      0      0    219      0      0      0      1
[11]        8      0      4      2      0      2      0      5      0      0      0    240      0      4      0
[12]        3      0      0      0      0      0      0      0      4      1      0      0     46      0      0
[13]        2      4      7      8      2      0      0     16      2      6      0      5      1     80      2
[14]        0      1      0      4      0      0      2      0      1      0      5      0      0      0    257
