Confusion Matrix - Round 3
============================================================

Legend:
  [0] Aphid
  [1] Black Rust
  [2] Blast
  [3] Brown Rust
  [4] Common Root Rot
  [5] Fusarium Head Blight
  [6] Healthy
  [7] Leaf Blight
  [8] Mildew
  [9] Mite
  [10] Septoria
  [11] Smut
  [12] Stem fly
  [13] Tan spot
  [14] Yellow Rust

          [0]    [1]    [2]    [3]    [4]    [5]    [6]    [7]    [8]    [9]   [10]   [11]   [12]   [13]   [14]
[0]       121      2      1      1      0      1      1      4      2     10      0      4      5      8      0
[1]         0     67      2     28      1      0      4      1      1      0      1      0      0      9      2
[2]         3      1    113      1      1      5      0      3      0      0      0      6      0     10      0
[3]         1     10      0    217      0      0      1      1      2      0      3      0      0      9      1
[4]         9      2      2      0     70      0      0      3      0      8      0      9      1     14      0
[5]         0      0      2      0      0    123      0      0      0      0      0      1      0      1      0
[6]         1      4      2      1      0      1    199      0      6      0      4      1      0      2      0
[7]         1      6      0      8      1      1      0     90      1      1      9      2      0     50      2
[8]         1      3      1      1      0      0      6     10    160      3     11      1      0     11      4
[9]        21      1      0      0      4      0      0      1      3    106      0      4      1      3      0
[10]        0      0      0      0      0      0      0     20      0      0    215      0      0      1      2
[11]        9      0      4      3      0      2      1      1      0      1      0    234      0     10      0
[12]        8      0      0      0      0      0      0      2      3      1      0      1     39      0      0
[13]        4      7      2     10      3      0      0     18      3      6      0      8      1     70      3
[14]        0      0      0      5      0      0      3      0      1      0      7      0      0      1    253
