Confusion Matrix - Round 7
============================================================

Legend:
  [0] Aphid
  [1] Black Rust
  [2] Blast
  [3] Brown Rust
  [4] Common Root Rot
  [5] Fusarium Head Blight
  [6] Healthy
  [7] Leaf Blight
  [8] Mildew
  [9] Mite
  [10] Septoria
  [11] Smut
  [12] Stem fly
  [13] Tan spot
  [14] Yellow Rust

          [0]    [1]    [2]    [3]    [4]    [5]    [6]    [7]    [8]    [9]   [10]   [11]   [12]   [13]   [14]
[0]       124      1      2      1      0      1      1      7      3     10      0      3      3      4      0
[1]         0     79      0     26      0      0      1      2      0      0      1      1      0      5      1
[2]         4      1    118      1      0      5      0      2      0      0      0      3      0      9      0
[3]         1     11      0    216      2      0      1      4      2      0      3      0      0      5      0
[4]         7      1      3      0     74      0      0      6      0      7      0      7      0     13      0
[5]         0      0      1      0      0    125      0      0      0      0      0      0      0      1      0
[6]         1      0      0      0      0      0    210      0      6      0      3      0      0      1      0
[7]         1      8      1      6      1      1      0     86      3      1     18      2      0     44      0
[8]         0      1      0      0      0      1      3      5    190      3      1      1      0      5      2
[9]        16      2      1      0      5      0      0      0      3    112      0      3      0      2      0
[10]        0      0      0      0      0      0      0     16      0      0    221      0      0      0      1
[11]        6      0      3      2      0      2      0      5      0      0      0    243      0      4      0
[12]        3      0      0      0      0      0      0      0      3      1      0      0     47      0      0
[13]        1      4      4      9      2      0      0     14      2      7      0      7      1     82      2
[14]        0      2      0      3      0      0      2      0      0      0      1      0      0      0    262
