Confusion Matrix - Round 1
============================================================

Legend:
  [0] Aphid
  [1] Black Rust
  [2] Blast
  [3] Brown Rust
  [4] Common Root Rot
  [5] Fusarium Head Blight
  [6] Healthy
  [7] Leaf Blight
  [8] Mildew
  [9] Mite
  [10] Septoria
  [11] Smut
  [12] Stem fly
  [13] Tan spot
  [14] Yellow Rust

          [0]    [1]    [2]    [3]    [4]    [5]    [6]    [7]    [8]    [9]   [10]   [11]   [12]   [13]   [14]
[0]       115      0      2      2      0      1      1      1      0     13      0     10      0     15      0
[1]         1     36      7     30      0      1      4      2      1      0      0      4      0     28      2
[2]         1      2     83      0      0      7      0      1      0      1      0     34      0     14      0
[3]         3      1      0    206      0      1      1      2      0      0      8      0      0     23      0
[4]        23      3      1      0     30      1      0      2      0     11      1     33      0     13      0
[5]         2      0      1      0      0    119      0      0      0      1      0      4      0      0      0
[6]         1      4      2     15      0      3    168      0      2      0     18      2      0      6      0
[7]         3      3      0     18      0      1      1     26      0      0      3      7      0    109      1
[8]         5      5      0     12      0      4     16      2     83      2     43      4      0     36      0
[9]        53      0      0      0      3      0      0      0      0     68      0      8      1     11      0
[10]        0      2      0      8      0      5      2     19      0      0    193      0      0      6      3
[11]       15      0      4      4      0      2      1      1      0      0      0    230      0      8      0
[12]       25      0      0      0      0      0      0      0      2      3      1      7     15      1      0
[13]        9      5      2     11      2      1      2      0      0      3      0      8      0     90      2
[14]        0      1      0     12      0      0      3      0      0      0     25      1      0     10    218
