Confusion Matrix - Round 10
============================================================

Legend:
  [0] Aphid
  [1] Black Rust
  [2] Blast
  [3] Brown Rust
  [4] Common Root Rot
  [5] Fusarium Head Blight
  [6] Healthy
  [7] Leaf Blight
  [8] Mildew
  [9] Mite
  [10] Septoria
  [11] Smut
  [12] Stem fly
  [13] Tan spot
  [14] Yellow Rust

          [0]    [1]    [2]    [3]    [4]    [5]    [6]    [7]    [8]    [9]   [10]   [11]   [12]   [13]   [14]
[0]       123      1      2      1      0      2      1      6      2     13      0      1      4      4      0
[1]         0     78      0     22      0      0      2      5      2      0      0      0      0      6      1
[2]         2      1    122      0      0      4      0      3      0      0      0      3      0      8      0
[3]         2     13      0    211      1      0      1      3      2      0      5      0      0      6      1
[4]         6      1      3      0     79      0      0      6      0      7      0      5      0     11      0
[5]         0      0      1      0      0    125      0      0      0      0      0      0      0      1      0
[6]         1      0      0      0      0      0    210      0      6      0      3      0      0      1      0
[7]         1      2      1      5      1      1      0     94      4      1     16      4      0     41      1
[8]         2      0      0      0      0      1      4      6    190      1      1      1      0      4      2
[9]        12      3      1      0      4      0      0      0      3    115      0      3      0      3      0
[10]        0      0      0      0      0      0      0     19      0      0    217      0      0      0      2
[11]        1      0      4      0      0      0      0      5      0      0      0    255      0      0      0
[12]        1      0      0      0      0      0      0      0      3      1      0      0     49      0      0
[13]        1      5      8      3      3      0      0     13      2      6      0      3      1     88      2
[14]        0      2      0      2      0      0      2      0      1      0      1      0      0      0    262
