Confusion Matrix - Round 8
============================================================

Legend:
  [0] Aphid
  [1] Black Rust
  [2] Blast
  [3] Brown Rust
  [4] Common Root Rot
  [5] Fusarium Head Blight
  [6] Healthy
  [7] Leaf Blight
  [8] Mildew
  [9] Mite
  [10] Septoria
  [11] Smut
  [12] Stem fly
  [13] Tan spot
  [14] Yellow Rust

          [0]    [1]    [2]    [3]    [4]    [5]    [6]    [7]    [8]    [9]   [10]   [11]   [12]   [13]   [14]
[0]       124      1      2      2      0      2      1      9      2      8      0      2      3      4      0
[1]         0     79      0     23      0      0      1      3      2      0      1      0      0      5      2
[2]         3      1    120      1      0      4      0      2      0      0      0      3      0      9      0
[3]         2     11      0    218      0      0      1      3      2      0      3      0      0      5      0
[4]         7      1      3      0     78      0      0      6      0      6      0      5      0     12      0
[5]         0      0      2      0      0    125      0      0      0      0      0      0      0      0      0
[6]         1      0      1      0      0      0    208      0      5      0      5      0      0      1      0
[7]         1      6      1      6      1      1      0     91      2      1     18      2      0     42      0
[8]         0      1      0      1      0      1      5      5    188      2      1      1      0      5      2
[9]        18      3      1      0      5      0      0      0      3    109      0      3      0      2      0
[10]        0      0      0      0      0      0      0     17      0      0    220      0      0      0      1
[11]        4      0      3      2      0      2      0      6      0      0      0    243      0      5      0
[12]        3      0      0      0      0      0      0      0      3      1      0      0     47      0      0
[13]        1      5      7      7      2      0      0     16      2      8      0      4      1     80      2
[14]        0      1      0      3      0      0      2      0      1      0      3      0      0      0    260
