Confusion Matrix - Round 5
============================================================

Legend:
  [0] Aphid
  [1] Black Rust
  [2] Blast
  [3] Brown Rust
  [4] Common Root Rot
  [5] Fusarium Head Blight
  [6] Healthy
  [7] Leaf Blight
  [8] Mildew
  [9] Mite
  [10] Septoria
  [11] Smut
  [12] Stem fly
  [13] Tan spot
  [14] Yellow Rust

          [0]    [1]    [2]    [3]    [4]    [5]    [6]    [7]    [8]    [9]   [10]   [11]   [12]   [13]   [14]
[0]       126      1      2      0      0      1      1      7      2      7      0      3      4      6      0
[1]         0     68      1     26      0      0      4      2      3      0      2      1      0      7      2
[2]         3      1    122      0      0      3      0      3      0      0      0      3      0      8      0
[3]         1     12      0    216      0      0      0      2      2      0      4      0      0      7      1
[4]         9      1      2      0     77      0      0      4      0      5      0      7      0     13      0
[5]         0      0      2      0      0    124      0      0      0      0      0      0      0      1      0
[6]         1      1      1      1      0      0    205      0      6      0      3      1      0      2      0
[7]         1      3      0      7      1      1      0     95      1      1     17      3      0     41      1
[8]         0      1      0      0      0      1      5      8    183      3      3      1      0      5      2
[9]        22      1      1      0      4      0      0      1      3    106      0      3      0      3      0
[10]        0      1      0      0      0      0      0     18      0      0    218      0      0      0      1
[11]        9      0      4      2      0      2      0      4      0      0      0    242      0      2      0
[12]        3      0      0      0      0      0      0      0      4      1      0      0     46      0      0
[13]        2      4      5      9      2      0      0     19      2      7      0      8      1     74      2
[14]        0      1      0      4      0      0      2      0      1      0      4      0      0      1    257
